standardized for propeller design

Re60000〜100000の間の変化が急すぎ	変なことになる
Re60000のデータを使わずに外挿してもムリ

>name    fx63137



>Re     60000
>Cd     0.04456, 0.04238, 0.04128, 0.04509, 0.04838, 0.05104, 0.05310, 0.05656, 0.06143, 0.06615, 0.07034, 0.08054, 0.07847, 0.07086 
>grad   5.889
>Cl0    0.32690
>stall   0.24260
         13.90度


>Re     100000
>Cd     0.03937, 0.03442, 0.03143, 0.02889, 0.02630, 0.02762, 0.02849, 0.02827, 0.02824, 0.02778, 0.02651, 0.02629, 0.02537, 0.02489 
>grad   6.9752
>Cl0    0.67950
>stall   0.27925
          16.00度


>Re     150000
>Cd     0.03657, 0.02929, 0.02434, 0.02147, 0.01900, 0.01635, 0.01664, 0.01730, 0.01800, 0.01813, 0.01812, 0.01802, 0.01781, 0.01772 
>grad   5.9373
>Cl0    0.84640
>stall   0.28623
          16.40度 



>Re     200000
>Cd     0.03004, 0.02507, 0.02103, 0.01799, 0.01592, 0.01431, 0.01307, 0.01356, 0.01418, 0.01455, 0.01464, 0.01464, 0.01475, 0.01510 
>grad   5.7432
>Cl0    0.8863
>stall   0.32550
          18.65度


>Re     300000
>Cd     0.02076, 0.01948, 0.01709, 0.01474, 0.01319, 0.01211, 0.01061, 0.01062, 0.01088, 0.01122, 0.01145, 0.01173, 0.01208, 0.01263 
>grad   5.6986
>Cl0    0.9084
>stall   0.27576
          15.80度
>plot
1.00000  0.00000
0.99893  0.00082
0.99572  0.00249
0.99039  0.00501
0.98296  0.00818
0.97347  0.01189
0.96194  0.01601
0.94844  0.02043
0.93301  0.02516
0.91573  0.03018
0.89668  0.03553
0.87592  0.04114
0.85355  0.04711
0.82967  0.05323
0.80438  0.05962
0.77779  0.06605
0.75000  0.07273
0.72114  0.07927
0.69134  0.08590
0.66072  0.09204
0.62941  0.09804
0.59755  0.10331
0.56526  0.10823
0.53270  0.11221
0.50000  0.11578
0.46730  0.11833
0.43474  0.12042
0.40245  0.12137
0.37059  0.12191
0.33928  0.12128
0.30866  0.12024
0.27886  0.11792
0.25000  0.11522
0.22221  0.11122
0.19562  0.10704
0.17033  0.10165
0.14645  0.09622
0.12408  0.08961
0.10332  0.08313
0.08427  0.07555
0.06699  0.06836
0.05156  0.06005
0.03806  0.05248
0.02653  0.04480
0.01704  0.03625
0.00961  0.02740
0.00428  0.01750
0.00107  0.00900
0.00000  0.00000
0.00107 -0.00232
0.00428 -0.00566
0.00961 -0.00995
0.01704 -0.01254
0.02653 -0.01537
0.03806 -0.01698
0.05156 -0.01887
0.06699 -0.01992
0.08427 -0.02122
0.10332 -0.02180
0.12408 -0.02256
0.14645 -0.02263
0.17033 -0.02277
0.19562 -0.02220
0.22221 -0.02161
0.25000 -0.02034
0.27886 -0.01895
0.30866 -0.01688
0.33928 -0.01460
0.37059 -0.01167
0.40245 -0.00848
0.43474 -0.00486
0.46730 -0.00103
0.50000  0.00307
0.53270  0.00716
0.56526  0.01112
0.59755  0.01475
0.62941  0.01813
0.66072  0.02098
0.69134  0.02345
0.72114  0.02530
0.75000  0.02668
0.77779  0.02745
0.80438  0.02768
0.82967  0.02729
0.85355  0.02631
0.87592  0.02479
0.89668  0.02284
0.91573  0.02052
0.93301  0.01794
0.94844  0.01514
0.96194  0.01219
0.97347  0.00921
0.98296  0.00630
0.99039  0.00373
0.99572  0.00169
0.99893  0.00040
1.00000  0.00000
>end

 >plot          
     1.000000   -0.000514
     0.987490    0.005785
     0.967925    0.013407
     0.947680    0.020156
     0.926825    0.026468
     0.905481    0.032569
     0.883797    0.038511
     0.861875    0.044395
     0.839821    0.050134
     0.817647    0.055778
     0.795461    0.061283
     0.773231    0.066639
     0.751054    0.071969
     0.728853    0.077023
     0.706663    0.082027
     0.684547    0.086799
     0.662316    0.091213
     0.640093    0.095549
     0.617915    0.099506
     0.595585    0.103108
     0.573309    0.106568
     0.551104    0.109534
     0.528765    0.112151
     0.506522    0.114625
     0.484370    0.116573
     0.462126    0.118186
     0.440049    0.119635
     0.418121    0.120482
     0.396154    0.121006
     0.374411    0.121387
     0.352865    0.121122
     0.331367    0.120563
     0.310228    0.119808
     0.289403    0.118302
     0.268776    0.116557
     0.248715    0.114543
     0.229176    0.111754
     0.210094    0.108911
     0.191846    0.105789
     0.174408    0.102025
     0.157764    0.098407
     0.142270    0.094554
     0.127877    0.090239
     0.114454    0.086221
     0.102228    0.082209
     0.091187    0.077852
     0.081036    0.073737
     0.071752    0.069976
     0.063469    0.066076
     0.056049    0.062038
     0.049242    0.058234
     0.042961    0.054758
     0.037226    0.051453
     0.032042    0.048202
     0.027410    0.044936
     0.023307    0.041621
     0.019653    0.038294
     0.016366    0.035010
     0.013420    0.031787
     0.010849    0.028591
     0.008677    0.025393
     0.006853    0.022206
     0.005280    0.019072
     0.003880    0.016030
     0.002640    0.013093
     0.001615    0.010243
     0.000848    0.007465
     0.000347    0.004749
     0.000083    0.002090
     0.000032    0.000794
     0.000030   -0.000514
     0.001045   -0.002750
     0.002608   -0.004608
     0.004536   -0.006379
     0.006551   -0.008196
     0.008727   -0.009896
     0.011225   -0.011234
     0.014068   -0.012211
     0.017134   -0.013072
     0.020304   -0.014052
     0.023594   -0.015088
     0.027079   -0.015999
     0.030830   -0.016647
     0.034852   -0.017127
     0.039129   -0.017625
     0.043651   -0.018276
     0.048456   -0.018987
     0.053609   -0.019588
     0.059170   -0.019991
     0.065180   -0.020322
     0.071675   -0.020773
     0.078708   -0.021346
     0.086359   -0.021839
     0.094729   -0.022108
     0.103907   -0.022330
     0.113965   -0.022723
     0.124979   -0.023091
     0.137053   -0.023160
     0.150263   -0.023163
     0.164602   -0.023288
     0.180042   -0.023126
     0.196583   -0.022691
     0.214108   -0.022342
     0.232445   -0.021714
     0.251548   -0.020781
     0.271251   -0.019871
     0.291381   -0.018653
     0.311959   -0.017156
     0.332842   -0.015631
     0.353927   -0.013803
     0.375300   -0.011724
     0.396850   -0.009579
     0.418493   -0.007236
     0.440289   -0.004735
     0.462154   -0.002168
     0.484031    0.000534
     0.505973    0.003307
     0.527965    0.006056
     0.549927    0.008769
     0.571831    0.011365
     0.593734    0.013815
     0.615579    0.016193
     0.637310    0.018375
     0.659026    0.020319
     0.680679    0.022129
     0.702208    0.023670
     0.723703    0.024925
     0.745104    0.025968
     0.766372    0.026685
     0.787539    0.027083
     0.808545    0.027145
     0.829382    0.026783
     0.850044    0.025980
     0.870517    0.024697
     0.890778    0.022939
     0.910782    0.020659
     0.930496    0.017834
     0.949865    0.014339
     0.968886    0.009946
     0.987586    0.004218
     1.000000   -0.000514
 >end