standardized for propeller design

>name  dae51

	Xfoilで解析

>Re     60000
>Cd     0.02934 ,0.02728 ,0.02547 ,0.02744 ,0.02964 ,0.03189 ,0.03403 ,0.03615 ,0.03724 ,0.03756 ,0.03547 ,0.03277 ,0.02883 ,0.04068 
>grad   7.5877
>Cl0    0.2562
>stall   0.18850
          10.8度

>Re     100000
>Cd     0.02805 ,0.02430 ,0.02167 ,0.01848 ,0.01902 ,0.01946 ,0.02000 ,0.01995 ,0.02011 ,0.01978 ,0.01947 ,0.01890 ,0.01922 ,0.03678
>grad   6.6136
>Cl0    0.4372
>stall   0.200071
　　　　　11.5度



>Re     150000
>Cd     0.02665 ,0.02091 ,0.01776 ,0.01397 ,0.01312 ,0.01324 ,0.01344 ,0.01352 ,0.01358 ,0.01362 ,0.01389 ,0.01442 ,0.01578 ,0.03179 
>grad   6.0458
>Cl0    0.4791
>stall   0.21118
          12.1度



>Re     200000
>Cd     0.02620 ,0.01841 ,0.01507 ,0.01192 ,0.01039 ,0.01049 ,0.01066 ,0.01079 ,0.01098 ,0.01126 ,0.01173 ,0.01256 ,0.01431 ,0.02388 
>grad   5.9526
>Cl0    0.4771
>stall   0.22689
          13.0度



>Re     300000
>Cd     0.02427 ,0.01455 ,0.01214 ,0.00984 ,0.00842 ,0.00792 ,0.00806 ,0.00846 ,0.00886 ,0.00920 ,0.00970 ,0.01084 ,0.01332 ,0.01906 
>grad   6.0357
>Cl0    0.4721
>stall   0.23213
          13.3度
 

DAE-51 AIRFOIL
>plot
1.00000 0.001
0.98916 0.00304
0.97581 0.00553
0.95744 0.009
0.93158 0.01398
0.90163 0.01991
0.87079 0.02608
0.83996 0.03225
0.80930 0.03828
0.77879 0.04412
0.74845 0.04972
0.71827 0.055
0.68825 0.0599
0.65838 0.06441
0.62858 0.0685
0.59878 0.07216
0.56892 0.07539
0.53899 0.07822
0.50899 0.08063
0.47893 0.08261
0.44885 0.08412
0.41879 0.08514
0.38877 0.08563
0.35882 0.08558
0.32896 0.08495
0.29923 0.08372
0.26967 0.08186
0.24034 0.07934
0.21131 0.07612
0.18269 0.07217
0.15463 0.06741
0.12734 0.06181
0.10114 0.05532
0.07645 0.04792
0.05402 0.03974
0.03485 0.03113
0.02004 0.02277
0.01004 0.01542
0.00420 0.00957
0.00000 0.00000
0.00012 -0.00147
0.00101 -0.00408
0.00280 -0.00641
0.00603 -0.00851
0.01197 -0.01059
0.02271 -0.01269
0.04035 -0.0145
0.06425 -0.01564
0.09190 -0.01607
0.12132 -0.01593
0.15158 -0.0154
0.18225 -0.01459
0.21316 -0.01357
0.24425 -0.01239
0.27548 -0.0111
0.30681 -0.00973
0.33824 -0.00833
0.36973 -0.00692
0.40119 -0.00554
0.43260 -0.00418
0.46398 -0.00287
0.49533 -0.00162
0.52664 -0.00044
0.55793 0.00067
0.58918 0.00169
0.62039 0.00262
0.65154 0.00342
0.68264 0.00409
0.71369 0.0046
0.74468 0.00494
0.77564 0.00509
0.80654 0.00504
0.83737 0.00478
0.86813 0.00427
0.89898 0.00348
0.92986 0.00239
0.95657 0.00122
0.97539 0.00028
0.98898 -0.00043
1.00000 -0.001
>end

